[RESULTS]
GenerationNumber = 0
IndividualNumber = 0
NumberOfNodes = 251
FN = 0.9090909091
FP = 0.007149206349
MEM = 512
Node 108 detected as attacker = 1
Node 108 detected as non-attacker = 10
